0.27946100077626057,
-0.6640464819354008,
0.8556225757096112,
-0.26040203359273106,
0.852862886016925,
0.0960428733352432,
0.26789046368607994,
0.7799747636644958,
0.9803283200461961,
0.6055228996233994,
0.9631825384296215,
0.3464092175739115,
0.6971190662039648,
0.3418645691079363,
0.5892328073108324,
-0.9876243799338631,
0.528818760822521,
-0.5763642272096812,
0.34391893154084086,
0.35492118401025596,
-0.01211402466857292,
0.799891459246328,
-0.4241074445514761,
0.5101655702509433,
0.8544882257906354,
0.5478349888924139,
0.9264793618385792,
0.21149091210743953,
0.8283480310134526,
0.9167502534357601,
0.284149464190135,
0.328306292545262,
0.2105964919098724,
0.34409643510276333,
-0.44862468368856656,

