0.7052723888505559	
0.9113258683401237	
-0.3492414889207846	
0.6633007768201331	
-0.1368744374265904	
-0.3729140823862774	
-0.6140688162526721	
0.09887465035043647	
-1.049360327429951	
-0.34148007002082903	
-0.13285337834791014	
-1.327337762650624	
-0.10864833364803848	
-0.5463598968534061	
0.17271626847399502	
0.9678182183608892	
0.10126735558233829	
0.21851654227712508	
-0.6007920515962596	
-0.318824698586325	
0.10902369006023008	
0.5560318003289054	
0.6213831335170559	
-0.6776251837224861	
-0.5335392697442848	
1.309810010873332	
-0.6808793106122504	
0.8290968521171427	
0.17586832907297914	
0.5876974725002828	
-0.4895173903535648	
-0.38081986888577807	
0.3188175160543276	
0.5783790479343297	
0.09180275278914506	

