-1.6934428491348725	
-0.21795630281310185	
1.8984700787935278	
-1.5344338877109671	
-1.033014085406038	
-1.4760125058544165	
-0.13699428157634364	
-0.47020473790374584	
0.857708794261138	
0.30198032541271286	
-0.731714184649066	
-0.5930826702209698	
0.6210845156480392	
-0.9615693706921798	
-1.0268489343479037	
-0.30090841057619455	
-1.4600592743645129	
0.2270513348578404	
-0.43327152587747436	
-0.7381401294688186	
0.09834046388271757	
-1.6641388213779928	
-0.4164360590941424	
0.42896013731669397	
-0.6397354747161386	
0.5028591172668819	
-1.6389922864807398	
-0.9252200012822732	
-0.5037608421612045	
1.3281367275302343	
-0.7241887345303482	
0.5948715054644703	
-0.1457153322976304	
0.43648308472171077	
-0.32309989979235915	

