0.7984993263685845,
-0.36537369209412396,
0.9536931142496605,
-0.07047475038032736,
0.7125893795872926,
0.5773071907926839,
-0.36507075526507404,
-0.36507462969659477,
0.5244282139173679,
0.2616722753275984,
0.437040169937964,
-0.8700464691990137,
0.9993198843804803,
-0.5647321051684573,
0.29764153563799733,
0.42525788495088657,
-0.2211517100354874,
-0.41946610226486025,
0.8140979687922361,
-0.6006218035232969,
0.29093269285248513,
-0.4117635734623937,
-0.6841048182377585,
-0.9548228674606529,
-0.13546348788378837,
0.8305754990444869,
-0.92812893221572,
-0.884266557184773,
0.4099291112015673,
-0.5651895647056082,
0.8769957293127386,
0.26839060132115655,
0.6836059529170531,
-0.3304265934765951,
-0.047156119364293314,

